set_params	var_term	prop_params
var_Ad1	0.0451647229492664	0.00824697509605029	0.0451001540009704
var_Ad2	0.0160999558866024	0.00824697509605029	0.0160969483895766
var_Ad2s1	0.0708467950425366	2.27902595338994e-06	0.0708335607500406
var_Ad1s2	0.0553095571258833	2.27902595338994e-06	0.0552992252138132
var_As1	0.193565711379051	0.00206637951293374	0.19328898357926
var_As2	0.141131326556206	0.00206637951293374	0.141104963002923
var_Ed1	0.285362094640732	0.312384906278464	0.284954131763262
var_Ed2	0.33966588973999	0.312384906278464	0.339602439618738
var_Ed2s1	0.000137605779111344	3.65808153035076e-05	0.000137580074135857
var_Ed1s2	0.000110482976309847	3.65808153035076e-05	0.000110462337916488
var_Es1	0.284838527441025	0.295597284740493	0.284431313072153
var_Es2	0.306563705205917	0.295597284740493	0.306506438624685
var_C1	0.192257298875554	0.194296638665023	0.191982441624585
var_C2	0.196529915739579	0.194296638665023	0.196493203642898
var_Dm1	0	0	0
var_Dm2	0	0	0
var_y1	NA	1.001431679109	NA
var_y2	NA	1.00018683647068	NA
corr_Ad1d2.rho_Ad1d2	0.830141544342041	NA	NA
corr_As1s2.rho_As1s2	1	NA	NA
corr_Ad1s1.rho_Ad1s1	0.887458741664886	NA	NA
corr_Ad2s2.rho_Ad2s2	0.990682065486908	NA	NA
corr_Ad2s1.rho_Ad2s1	0.990771770477295	NA	NA
corr_Ad1s2.rho_Ad1s2	0.887378334999084	NA	NA
corr_Ed1d2.rho_Ed1d2	0.0004146242863498	NA	NA
corr_Es1s2.rho_Es1s2	0.0003513740957714	NA	NA
corr_Ed1s1.rho_Ed1s1	-0.12644724547863	NA	NA
corr_Ed2s2.rho_Ed2s2	-0.177769422531128	NA	NA
corr_Ed2s1.rho_Ed2s1	0.0004423961509019	NA	NA
corr_Ed1s2.rho_Ed1s2	0.0003735397767741	NA	NA
corr_Dm1Dm2.rho_Dm	0	NA	NA
corr_C1C2.rho_C	0.0004988564178347	NA	NA
