set_params	var_term	prop_params
var_Ad1	0.8	0.460263340389897	0.429745160087295
var_Ad2	0.5	0.460263340389897	0.232497865954291
var_Ad2s1	0.200509351402871	5.8201888981249e-05	0.0932359926100929
var_Ad1s2	0.0524404424085076	5.82018889812491e-05	0.0243845818993538
var_As1	0.55	0.497005434840983	0.295449797560015
var_As2	0.95	0.497005434840983	0.441745945313152
var_Ed1	0.21	0.279403947539288	0.112808104522915
var_Ed2	0.44	0.279403947539288	0.204598122039776
var_Ed2s1	0.0546991773247094	-1.12109926644682e-05	0.0254348839949005
var_Ed1s2	0.0181749828060441	-1.12109926644682e-05	0.00845128943232237
var_Es1	0.17	0.120267862505363	0.0913208465185502
var_Es2	0.13	0.120267862505363	0.0604494451481156
var_C1	0.13	0.1105	0.0698335885141855
var_C2	0.13	0.1105	0.0604494451481156
var_Dm1	0	0	0
var_Dm2	0	0	0
var_y1	NA	1.86156837656413	NA
var_y2	NA	2.15055737371069	NA
corr_Ad1d2.rho_Ad1d2	0.3	NA	NA
corr_As1s2.rho_As1s2	0.35	NA	NA
corr_Ad1s1.rho_Ad1s1	0.3	NA	NA
corr_Ad2s2.rho_Ad2s2	0.12	NA	NA
corr_Ad2s1.rho_Ad2s1	0.1	NA	NA
corr_Ad1s2.rho_Ad1s2	0.23	NA	NA
corr_Ed1d2.rho_Ed1d2	0.15	NA	NA
corr_Es1s2.rho_Es1s2	0.2	NA	NA
corr_Ed1s1.rho_Ed1s1	0.15	NA	NA
corr_Ed2s2.rho_Ed2s2	0.31	NA	NA
corr_Ed2s1.rho_Ed2s1	0.2	NA	NA
corr_Ed1s2.rho_Ed1s2	0.11	NA	NA
corr_Dm1Dm2.rho_Dm	0	NA	NA
corr_C1C2.rho_C	0.15	NA	NA
