set_params	var_term	prop_params
var_Ad1	0.8	0.460263340389897	0.380947738097525
var_Ad2	0.5	0.460263340389897	0.246342828379854
var_Ad2s1	0.200509351402871	0.00867158746189489	0.0987880814823867
var_Ad1s2	0.0524404424085076	0.00867158746189489	0.0258366538088052
var_As1	0.55	0.497005434840983	0.261901569942048
var_As2	0.95	0.497005434840983	0.468051373921723
var_Ed1	0.21	0.182758722109693	0.0999987812506002
var_Ed2	0.22	0.182758722109693	0.108390844487136
var_Ed2s1	0.0386781592116274	-9.41979629595121e-06	0.0190561742734372
var_Ed1s2	0.0181749828060441	-9.41979629595121e-06	0.00895455334039227
var_Es1	0.17	0.120267862505363	0.080951394345724
var_Es2	0.13	0.120267862505363	0.0640491353787621
var_C1	0.13	0.1105	0.0619040074408478
var_C2	0.13	0.1105	0.0640491353787621
var_Dm1	0	0	0
var_Dm2	0	0	0
var_y1	NA	2.10002559404932	NA
var_y2	NA	2.02969172388089	NA
corr_Ad1d2.rho_Ad1d2	0.3	NA	NA
corr_As1s2.rho_As1s2	0.35	NA	NA
corr_Ad1s1.rho_Ad1s1	0.3	NA	NA
corr_Ad2s2.rho_Ad2s2	0.12	NA	NA
corr_Ad2s1.rho_Ad2s1	0.1	NA	NA
corr_Ad1s2.rho_Ad1s2	0.23	NA	NA
corr_Ed1d2.rho_Ed1d2	0.15	NA	NA
corr_Es1s2.rho_Es1s2	0.2	NA	NA
corr_Ed1s1.rho_Ed1s1	0.15	NA	NA
corr_Ed2s2.rho_Ed2s2	0.31	NA	NA
corr_Ed2s1.rho_Ed2s1	0.2	NA	NA
corr_Ed1s2.rho_Ed1s2	0.11	NA	NA
corr_Dm1Dm2.rho_Dm	0	NA	NA
corr_C1C2.rho_C	0.15	NA	NA
